start=3.760000
sub-pos=110
sub-scale=0.700000
