start=15.682333
sub-pos=110
sub-scale=0.700000
